# #(0) infall mach (1) alpha (2) mu (3) solenoidal fractino (4) Ngas (5) seed (6) SFE (7) Nstars (8) > 10% mass frac (9) max mass frac (10) M2_frac
5.660000000000000142e+00 8.000000000000000000e+00 4.000000000000000000e+00 5.000000000000000000e-01 1.038230000000000000e+05 4.200000000000000000e+01 0.000000000000000000e+00 0.000000000000000000e+00 0.000000000000000000e+00 nan 0.000000000000000000e+00
2.000000000000000000e+00 2.500000000000000000e-01 1.000000000000000000e+00 5.000000000000000000e-01 1.064800000000000000e+04 4.200000000000000000e+01 0.000000000000000000e+00 0.000000000000000000e+00 0.000000000000000000e+00 nan 0.000000000000000000e+00
2.000000000000000000e+00 4.000000000000000000e+00 1.000000000000000000e+00 5.000000000000000000e-01 1.064800000000000000e+04 4.200000000000000000e+01 0.000000000000000000e+00 0.000000000000000000e+00 0.000000000000000000e+00 nan 0.000000000000000000e+00
2.000000000000000000e+00 4.000000000000000000e+00 2.000000000000000000e+00 5.000000000000000000e-01 1.064800000000000000e+04 4.200000000000000000e+01 0.000000000000000000e+00 0.000000000000000000e+00 0.000000000000000000e+00 nan 0.000000000000000000e+00
1.000000000000000000e+00 2.000000000000000000e+00 1.000000000000000000e+00 5.000000000000000000e-01 1.064800000000000000e+04 4.200000000000000000e+01 0.000000000000000000e+00 0.000000000000000000e+00 0.000000000000000000e+00 nan 0.000000000000000000e+00
8.000000000000000000e+00 8.000000000000000000e+00 2.000000000000000000e+00 5.000000000000000000e-01 4.052240000000000000e+05 4.200000000000000000e+01 5.391672253608703613e-02 2.000000000000000000e+00 7.236024379730224609e+00 9.621073603630065918e-01 3.789265826344490051e-02
1.409999999999999920e+00 8.000000000000000000e+00 4.000000000000000000e+00 5.000000000000000000e-01 1.064800000000000000e+04 4.200000000000000000e+01 0.000000000000000000e+00 0.000000000000000000e+00 0.000000000000000000e+00 nan 0.000000000000000000e+00
8.000000000000000000e+00 5.000000000000000000e-01 5.000000000000000000e-01 5.000000000000000000e-01 4.052240000000000000e+05 4.200000000000000000e+01 6.397684812545776367e-01 9.200000000000000000e+01 5.237698364257812500e+01 2.806517779827117920e-01 1.989496648311614990e-01
4.000000000000000000e+00 0.000000000000000000e+00 4.000000000000000000e+00 5.000000000000000000e-01 2.438900000000000000e+04 4.200000000000000000e+01 8.080785274505615234e-01 9.000000000000000000e+00 6.033835887908935547e+00 8.564114570617675781e-01 8.269824832677841187e-02
4.000000000000000000e+00 4.000000000000000000e+00 4.000000000000000000e+00 5.000000000000000000e-01 2.438900000000000000e+04 4.200000000000000000e+01 2.443790733814239502e-01 1.000000000000000000e+00 2.130965948104858398e+00 1.000000000000000000e+00 0.000000000000000000e+00
2.000000000000000000e+00 0.000000000000000000e+00 4.000000000000000000e+00 5.000000000000000000e-01 1.064800000000000000e+04 4.200000000000000000e+01 5.190813541412353516e-01 1.000000000000000000e+00 2.828438580036163330e-01 1.000000000000000000e+00 0.000000000000000000e+00
4.000000000000000000e+00 1.000000000000000000e+00 4.000000000000000000e+00 5.000000000000000000e-01 2.438900000000000000e+04 4.200000000000000000e+01 7.148585319519042969e-01 5.000000000000000000e+00 5.722410202026367188e+00 5.336190462112426758e-01 2.066177874803543091e-01
1.409999999999999920e+00 2.500000000000000000e-01 4.000000000000000000e+00 5.000000000000000000e-01 1.064800000000000000e+04 4.200000000000000000e+01 0.000000000000000000e+00 0.000000000000000000e+00 0.000000000000000000e+00 nan 0.000000000000000000e+00
8.000000000000000000e+00 2.000000000000000000e+00 2.000000000000000000e+00 5.000000000000000000e-01 4.052240000000000000e+05 4.200000000000000000e+01 5.431198477745056152e-01 3.300000000000000000e+01 4.929632568359375000e+01 3.548055589199066162e-01 1.835307776927947998e-01
8.000000000000000000e+00 2.500000000000000000e-01 2.000000000000000000e+00 5.000000000000000000e-01 4.052240000000000000e+05 4.200000000000000000e+01 7.102379202842712402e-01 1.270000000000000000e+02 5.963751602172851562e+01 2.909342050552368164e-01 1.566523909568786621e-01
2.000000000000000000e+00 8.000000000000000000e+00 5.000000000000000000e-01 5.000000000000000000e-01 1.064800000000000000e+04 4.200000000000000000e+01 0.000000000000000000e+00 0.000000000000000000e+00 0.000000000000000000e+00 nan 0.000000000000000000e+00
2.830000000000000071e+00 2.000000000000000000e+00 4.000000000000000000e+00 5.000000000000000000e-01 1.064800000000000000e+04 4.200000000000000000e+01 2.971136868000030518e-01 1.000000000000000000e+00 6.476339101791381836e-01 1.000000000000000000e+00 0.000000000000000000e+00
2.830000000000000071e+00 8.000000000000000000e+00 2.000000000000000000e+00 5.000000000000000000e-01 1.064800000000000000e+04 4.200000000000000000e+01 0.000000000000000000e+00 0.000000000000000000e+00 0.000000000000000000e+00 nan 0.000000000000000000e+00
2.000000000000000000e+00 8.000000000000000000e+00 1.000000000000000000e+00 5.000000000000000000e-01 1.064800000000000000e+04 4.200000000000000000e+01 0.000000000000000000e+00 0.000000000000000000e+00 0.000000000000000000e+00 nan 0.000000000000000000e+00
4.000000000000000000e+00 5.000000000000000000e-01 2.000000000000000000e+00 5.000000000000000000e-01 2.438900000000000000e+04 4.200000000000000000e+01 7.562862634658813477e-01 4.000000000000000000e+00 5.910477161407470703e+00 8.965791463851928711e-01 9.673781692981719971e-02
4.000000000000000000e+00 2.500000000000000000e-01 5.000000000000000000e-01 5.000000000000000000e-01 2.438900000000000000e+04 4.200000000000000000e+01 3.119490742683410645e-01 1.000000000000000000e+00 2.719397783279418945e+00 1.000000000000000000e+00 0.000000000000000000e+00
5.660000000000000142e+00 2.000000000000000000e+00 1.000000000000000000e+00 5.000000000000000000e-01 1.038230000000000000e+05 4.200000000000000000e+01 6.071354746818542480e-01 2.000000000000000000e+00 2.117034339904785156e+01 7.700302004814147949e-01 2.299698293209075928e-01
1.000000000000000000e+00 4.000000000000000000e+00 2.000000000000000000e+00 5.000000000000000000e-01 1.064800000000000000e+04 4.200000000000000000e+01 0.000000000000000000e+00 0.000000000000000000e+00 0.000000000000000000e+00 nan 0.000000000000000000e+00
2.000000000000000000e+00 2.000000000000000000e+00 2.000000000000000000e+00 5.000000000000000000e-01 1.064800000000000000e+04 4.200000000000000000e+01 0.000000000000000000e+00 0.000000000000000000e+00 0.000000000000000000e+00 nan 0.000000000000000000e+00
5.660000000000000142e+00 2.500000000000000000e-01 4.000000000000000000e+00 5.000000000000000000e-01 1.038230000000000000e+05 4.200000000000000000e+01 7.970721721649169922e-01 2.200000000000000000e+01 2.447514724731445312e+01 5.009311437606811523e-01 1.703386008739471436e-01
5.660000000000000142e+00 2.500000000000000000e-01 2.000000000000000000e+00 5.000000000000000000e-01 1.038230000000000000e+05 4.200000000000000000e+01 7.714381814002990723e-01 2.700000000000000000e+01 1.739798927307128906e+01 6.467939019203186035e-01 9.902957081794738770e-02
2.000000000000000000e+00 2.000000000000000000e+00 4.000000000000000000e+00 5.000000000000000000e-01 1.064800000000000000e+04 4.200000000000000000e+01 0.000000000000000000e+00 0.000000000000000000e+00 0.000000000000000000e+00 nan 0.000000000000000000e+00
8.000000000000000000e+00 1.000000000000000000e+00 5.000000000000000000e-01 5.000000000000000000e-01 4.052240000000000000e+05 4.200000000000000000e+01 5.942963957786560059e-01 5.500000000000000000e+01 5.490886688232421875e+01 4.373511672019958496e-01 2.250349670648574829e-01
1.409999999999999920e+00 1.000000000000000000e+00 1.000000000000000000e+00 5.000000000000000000e-01 1.064800000000000000e+04 4.200000000000000000e+01 0.000000000000000000e+00 0.000000000000000000e+00 0.000000000000000000e+00 nan 0.000000000000000000e+00
5.660000000000000142e+00 8.000000000000000000e+00 1.000000000000000000e+00 5.000000000000000000e-01 1.038230000000000000e+05 4.200000000000000000e+01 0.000000000000000000e+00 0.000000000000000000e+00 0.000000000000000000e+00 nan 0.000000000000000000e+00
2.830000000000000071e+00 2.000000000000000000e+00 2.000000000000000000e+00 5.000000000000000000e-01 1.064800000000000000e+04 4.200000000000000000e+01 0.000000000000000000e+00 0.000000000000000000e+00 0.000000000000000000e+00 nan 0.000000000000000000e+00
1.000000000000000000e+00 5.000000000000000000e-01 1.000000000000000000e+00 5.000000000000000000e-01 1.064800000000000000e+04 4.200000000000000000e+01 0.000000000000000000e+00 0.000000000000000000e+00 0.000000000000000000e+00 nan 0.000000000000000000e+00
8.000000000000000000e+00 4.000000000000000000e+00 1.000000000000000000e+00 5.000000000000000000e-01 4.052240000000000000e+05 4.200000000000000000e+01 2.735469937324523926e-01 5.000000000000000000e+00 3.762820434570312500e+01 6.201812624931335449e-01 1.883109360933303833e-01
4.000000000000000000e+00 5.000000000000000000e-01 1.000000000000000000e+00 5.000000000000000000e-01 2.438900000000000000e+04 4.200000000000000000e+01 6.973122358322143555e-01 2.000000000000000000e+00 6.079544544219970703e+00 8.267132043838500977e-01 1.732868403196334839e-01
2.830000000000000071e+00 2.500000000000000000e-01 1.000000000000000000e+00 5.000000000000000000e-01 1.064800000000000000e+04 4.200000000000000000e+01 5.937550067901611328e-01 1.000000000000000000e+00 1.293505549430847168e+00 1.000000000000000000e+00 0.000000000000000000e+00
8.000000000000000000e+00 2.500000000000000000e-01 5.000000000000000000e-01 5.000000000000000000e-01 4.052240000000000000e+05 4.200000000000000000e+01 6.323816180229187012e-01 1.000000000000000000e+02 3.986160278320312500e+01 2.942517101764678955e-01 1.576616019010543823e-01
2.830000000000000071e+00 1.000000000000000000e+00 5.000000000000000000e-01 5.000000000000000000e-01 1.064800000000000000e+04 4.200000000000000000e+01 0.000000000000000000e+00 0.000000000000000000e+00 0.000000000000000000e+00 nan 0.000000000000000000e+00
1.000000000000000000e+00 5.000000000000000000e-01 4.000000000000000000e+00 5.000000000000000000e-01 1.064800000000000000e+04 4.200000000000000000e+01 0.000000000000000000e+00 0.000000000000000000e+00 0.000000000000000000e+00 nan 0.000000000000000000e+00
4.000000000000000000e+00 8.000000000000000000e+00 2.000000000000000000e+00 5.000000000000000000e-01 2.438900000000000000e+04 4.200000000000000000e+01 0.000000000000000000e+00 0.000000000000000000e+00 0.000000000000000000e+00 nan 0.000000000000000000e+00
2.830000000000000071e+00 2.000000000000000000e+00 1.000000000000000000e+00 5.000000000000000000e-01 1.064800000000000000e+04 4.200000000000000000e+01 0.000000000000000000e+00 0.000000000000000000e+00 0.000000000000000000e+00 nan 0.000000000000000000e+00
1.000000000000000000e+00 2.500000000000000000e-01 4.000000000000000000e+00 5.000000000000000000e-01 1.064800000000000000e+04 4.200000000000000000e+01 0.000000000000000000e+00 0.000000000000000000e+00 0.000000000000000000e+00 nan 0.000000000000000000e+00
1.409999999999999920e+00 5.000000000000000000e-01 5.000000000000000000e-01 5.000000000000000000e-01 1.064800000000000000e+04 4.200000000000000000e+01 0.000000000000000000e+00 0.000000000000000000e+00 0.000000000000000000e+00 nan 0.000000000000000000e+00
4.000000000000000000e+00 4.000000000000000000e+00 1.000000000000000000e+00 5.000000000000000000e-01 2.438900000000000000e+04 4.200000000000000000e+01 0.000000000000000000e+00 0.000000000000000000e+00 0.000000000000000000e+00 nan 0.000000000000000000e+00
2.830000000000000071e+00 2.500000000000000000e-01 2.000000000000000000e+00 5.000000000000000000e-01 1.064800000000000000e+04 4.200000000000000000e+01 7.205370068550109863e-01 2.000000000000000000e+00 1.536874890327453613e+00 9.790076017379760742e-01 2.099236659705638885e-02
2.000000000000000000e+00 2.000000000000000000e+00 5.000000000000000000e-01 5.000000000000000000e-01 1.064800000000000000e+04 4.200000000000000000e+01 0.000000000000000000e+00 0.000000000000000000e+00 0.000000000000000000e+00 nan 0.000000000000000000e+00
1.000000000000000000e+00 1.000000000000000000e+00 4.000000000000000000e+00 5.000000000000000000e-01 1.064800000000000000e+04 4.200000000000000000e+01 0.000000000000000000e+00 0.000000000000000000e+00 0.000000000000000000e+00 nan 0.000000000000000000e+00
4.000000000000000000e+00 1.000000000000000000e+00 5.000000000000000000e-01 5.000000000000000000e-01 2.438900000000000000e+04 4.200000000000000000e+01 2.430041134357452393e-01 1.000000000000000000e+00 2.118574857711791992e+00 1.000000000000000000e+00 0.000000000000000000e+00
4.000000000000000000e+00 2.000000000000000000e+00 5.000000000000000000e-01 5.000000000000000000e-01 2.438900000000000000e+04 4.200000000000000000e+01 0.000000000000000000e+00 0.000000000000000000e+00 0.000000000000000000e+00 nan 0.000000000000000000e+00
8.000000000000000000e+00 5.000000000000000000e-01 4.000000000000000000e+00 5.000000000000000000e-01 4.052240000000000000e+05 4.200000000000000000e+01 7.788379192352294922e-01 6.200000000000000000e+01 6.550392913818359375e+01 3.075191676616668701e-01 1.884865164756774902e-01
1.000000000000000000e+00 4.000000000000000000e+00 4.000000000000000000e+00 5.000000000000000000e-01 1.064800000000000000e+04 4.200000000000000000e+01 0.000000000000000000e+00 0.000000000000000000e+00 0.000000000000000000e+00 nan 0.000000000000000000e+00
2.830000000000000071e+00 4.000000000000000000e+00 1.000000000000000000e+00 5.000000000000000000e-01 1.064800000000000000e+04 4.200000000000000000e+01 0.000000000000000000e+00 0.000000000000000000e+00 0.000000000000000000e+00 nan 0.000000000000000000e+00
2.830000000000000071e+00 2.500000000000000000e-01 4.000000000000000000e+00 5.000000000000000000e-01 1.064800000000000000e+04 4.200000000000000000e+01 7.426606416702270508e-01 2.000000000000000000e+00 1.618291616439819336e+00 6.426004767417907715e-01 3.573995530605316162e-01
8.000000000000000000e+00 1.000000000000000000e+00 1.000000000000000000e+00 5.000000000000000000e-01 4.052240000000000000e+05 4.200000000000000000e+01 7.163565754890441895e-01 6.000000000000000000e+01 7.962655639648437500e+01 4.982955157756805420e-01 1.904571652412414551e-01
1.000000000000000000e+00 2.000000000000000000e+00 4.000000000000000000e+00 5.000000000000000000e-01 1.064800000000000000e+04 4.200000000000000000e+01 0.000000000000000000e+00 0.000000000000000000e+00 0.000000000000000000e+00 nan 0.000000000000000000e+00
1.000000000000000000e+00 5.000000000000000000e-01 5.000000000000000000e-01 5.000000000000000000e-01 1.064800000000000000e+04 4.200000000000000000e+01 0.000000000000000000e+00 0.000000000000000000e+00 0.000000000000000000e+00 nan 0.000000000000000000e+00
1.000000000000000000e+00 1.000000000000000000e+00 1.000000000000000000e+00 5.000000000000000000e-01 1.064800000000000000e+04 4.200000000000000000e+01 0.000000000000000000e+00 0.000000000000000000e+00 0.000000000000000000e+00 nan 0.000000000000000000e+00
8.000000000000000000e+00 4.000000000000000000e+00 2.000000000000000000e+00 5.000000000000000000e-01 4.052240000000000000e+05 4.200000000000000000e+01 4.436012506484985352e-01 1.200000000000000000e+01 4.860023498535156250e+01 3.482947051525115967e-01 2.707421183586120605e-01
1.000000000000000000e+00 8.000000000000000000e+00 4.000000000000000000e+00 5.000000000000000000e-01 1.064800000000000000e+04 4.200000000000000000e+01 0.000000000000000000e+00 0.000000000000000000e+00 0.000000000000000000e+00 nan 0.000000000000000000e+00
2.830000000000000071e+00 5.000000000000000000e-01 1.000000000000000000e+00 5.000000000000000000e-01 1.064800000000000000e+04 4.200000000000000000e+01 5.510384440422058105e-01 1.000000000000000000e+00 1.201515078544616699e+00 1.000000000000000000e+00 0.000000000000000000e+00
1.409999999999999920e+00 8.000000000000000000e+00 2.000000000000000000e+00 5.000000000000000000e-01 1.064800000000000000e+04 4.200000000000000000e+01 0.000000000000000000e+00 0.000000000000000000e+00 0.000000000000000000e+00 nan 0.000000000000000000e+00
8.000000000000000000e+00 1.000000000000000000e+00 4.000000000000000000e+00 5.000000000000000000e-01 4.052240000000000000e+05 4.200000000000000000e+01 7.022313475608825684e-01 4.000000000000000000e+01 3.468274688720703125e+01 1.808661967515945435e-01 1.732280999422073364e-01
1.409999999999999920e+00 8.000000000000000000e+00 5.000000000000000000e-01 5.000000000000000000e-01 1.064800000000000000e+04 4.200000000000000000e+01 0.000000000000000000e+00 0.000000000000000000e+00 0.000000000000000000e+00 nan 0.000000000000000000e+00
1.000000000000000000e+00 2.500000000000000000e-01 5.000000000000000000e-01 5.000000000000000000e-01 1.064800000000000000e+04 4.200000000000000000e+01 0.000000000000000000e+00 0.000000000000000000e+00 0.000000000000000000e+00 nan 0.000000000000000000e+00
2.830000000000000071e+00 8.000000000000000000e+00 4.000000000000000000e+00 5.000000000000000000e-01 1.064800000000000000e+04 4.200000000000000000e+01 0.000000000000000000e+00 0.000000000000000000e+00 0.000000000000000000e+00 nan 0.000000000000000000e+00
5.660000000000000142e+00 1.000000000000000000e+00 4.000000000000000000e+00 5.000000000000000000e-01 1.038230000000000000e+05 4.200000000000000000e+01 7.046308517456054688e-01 1.800000000000000000e+01 1.740129280090332031e+01 3.414139449596405029e-01 2.303700745105743408e-01
2.830000000000000071e+00 4.000000000000000000e+00 5.000000000000000000e-01 5.000000000000000000e-01 1.064800000000000000e+04 4.200000000000000000e+01 0.000000000000000000e+00 0.000000000000000000e+00 0.000000000000000000e+00 nan 0.000000000000000000e+00
2.830000000000000071e+00 5.000000000000000000e-01 4.000000000000000000e+00 5.000000000000000000e-01 1.064800000000000000e+04 4.200000000000000000e+01 6.973885297775268555e-01 2.000000000000000000e+00 1.520133256912231445e+00 7.275678515434265137e-01 2.724322080612182617e-01
8.000000000000000000e+00 2.500000000000000000e-01 4.000000000000000000e+00 5.000000000000000000e-01 4.052240000000000000e+05 4.200000000000000000e+01 7.785583734512329102e-01 9.200000000000000000e+01 5.904082489013671875e+01 1.892009526491165161e-01 1.416763216257095337e-01
1.409999999999999920e+00 4.000000000000000000e+00 2.000000000000000000e+00 5.000000000000000000e-01 1.064800000000000000e+04 4.200000000000000000e+01 0.000000000000000000e+00 0.000000000000000000e+00 0.000000000000000000e+00 nan 0.000000000000000000e+00
2.000000000000000000e+00 5.000000000000000000e-01 1.000000000000000000e+00 5.000000000000000000e-01 1.064800000000000000e+04 4.200000000000000000e+01 0.000000000000000000e+00 0.000000000000000000e+00 0.000000000000000000e+00 nan 0.000000000000000000e+00
1.000000000000000000e+00 1.000000000000000000e+00 2.000000000000000000e+00 5.000000000000000000e-01 1.064800000000000000e+04 4.200000000000000000e+01 0.000000000000000000e+00 0.000000000000000000e+00 0.000000000000000000e+00 nan 0.000000000000000000e+00
5.660000000000000142e+00 2.000000000000000000e+00 5.000000000000000000e-01 5.000000000000000000e-01 1.038230000000000000e+05 4.200000000000000000e+01 3.304885029792785645e-01 3.000000000000000000e+00 1.137654018402099609e+01 8.725066184997558594e-01 1.144740954041481018e-01
8.000000000000000000e+00 2.000000000000000000e+00 5.000000000000000000e-01 5.000000000000000000e-01 4.052240000000000000e+05 4.200000000000000000e+01 4.045048058032989502e-01 2.100000000000000000e+01 4.164947509765625000e+01 3.302457630634307861e-01 2.671979367733001709e-01
2.000000000000000000e+00 4.000000000000000000e+00 5.000000000000000000e-01 5.000000000000000000e-01 1.064800000000000000e+04 4.200000000000000000e+01 0.000000000000000000e+00 0.000000000000000000e+00 0.000000000000000000e+00 nan 0.000000000000000000e+00
5.660000000000000142e+00 8.000000000000000000e+00 5.000000000000000000e-01 5.000000000000000000e-01 1.038230000000000000e+05 4.200000000000000000e+01 0.000000000000000000e+00 0.000000000000000000e+00 0.000000000000000000e+00 nan 0.000000000000000000e+00
5.660000000000000142e+00 0.000000000000000000e+00 4.000000000000000000e+00 5.000000000000000000e-01 1.038230000000000000e+05 4.200000000000000000e+01 8.097667098045349121e-01 2.360000000000000000e+02 1.246501636505126953e+01 4.414592683315277100e-01 7.226166129112243652e-02
2.830000000000000071e+00 5.000000000000000000e-01 5.000000000000000000e-01 5.000000000000000000e-01 1.064800000000000000e+04 4.200000000000000000e+01 0.000000000000000000e+00 0.000000000000000000e+00 0.000000000000000000e+00 nan 0.000000000000000000e+00
1.409999999999999920e+00 2.000000000000000000e+00 4.000000000000000000e+00 5.000000000000000000e-01 1.064800000000000000e+04 4.200000000000000000e+01 0.000000000000000000e+00 0.000000000000000000e+00 0.000000000000000000e+00 nan 0.000000000000000000e+00
4.000000000000000000e+00 8.000000000000000000e+00 1.000000000000000000e+00 5.000000000000000000e-01 2.438900000000000000e+04 4.200000000000000000e+01 0.000000000000000000e+00 0.000000000000000000e+00 0.000000000000000000e+00 nan 0.000000000000000000e+00
4.000000000000000000e+00 2.500000000000000000e-01 4.000000000000000000e+00 5.000000000000000000e-01 2.438900000000000000e+04 4.200000000000000000e+01 7.967343330383300781e-01 1.100000000000000000e+01 5.928650856018066406e+00 6.227850914001464844e-01 2.307051718235015869e-01
1.000000000000000000e+00 8.000000000000000000e+00 1.000000000000000000e+00 5.000000000000000000e-01 1.064800000000000000e+04 4.200000000000000000e+01 0.000000000000000000e+00 0.000000000000000000e+00 0.000000000000000000e+00 nan 0.000000000000000000e+00
1.409999999999999920e+00 8.000000000000000000e+00 1.000000000000000000e+00 5.000000000000000000e-01 1.064800000000000000e+04 4.200000000000000000e+01 0.000000000000000000e+00 0.000000000000000000e+00 0.000000000000000000e+00 nan 0.000000000000000000e+00
5.660000000000000142e+00 4.000000000000000000e+00 2.000000000000000000e+00 5.000000000000000000e-01 1.038230000000000000e+05 4.200000000000000000e+01 4.091303348541259766e-01 2.000000000000000000e+00 1.426583290100097656e+01 6.095466017723083496e-01 3.904534280300140381e-01
5.660000000000000142e+00 4.000000000000000000e+00 1.000000000000000000e+00 5.000000000000000000e-01 1.038230000000000000e+05 4.200000000000000000e+01 1.848017126321792603e-01 1.000000000000000000e+00 6.443842411041259766e+00 1.000000000000000000e+00 0.000000000000000000e+00
4.000000000000000000e+00 1.000000000000000000e+00 2.000000000000000000e+00 5.000000000000000000e-01 2.438900000000000000e+04 4.200000000000000000e+01 7.189423441886901855e-01 4.000000000000000000e+00 6.198497295379638672e+00 8.457009792327880859e-01 1.433153301477432251e-01
2.000000000000000000e+00 1.000000000000000000e+00 1.000000000000000000e+00 5.000000000000000000e-01 1.064800000000000000e+04 4.200000000000000000e+01 0.000000000000000000e+00 0.000000000000000000e+00 0.000000000000000000e+00 nan 0.000000000000000000e+00
2.000000000000000000e+00 8.000000000000000000e+00 4.000000000000000000e+00 5.000000000000000000e-01 1.064800000000000000e+04 4.200000000000000000e+01 0.000000000000000000e+00 0.000000000000000000e+00 0.000000000000000000e+00 nan 0.000000000000000000e+00
1.000000000000000000e+00 2.000000000000000000e+00 5.000000000000000000e-01 5.000000000000000000e-01 1.064800000000000000e+04 4.200000000000000000e+01 0.000000000000000000e+00 0.000000000000000000e+00 0.000000000000000000e+00 nan 0.000000000000000000e+00
2.830000000000000071e+00 5.000000000000000000e-01 2.000000000000000000e+00 5.000000000000000000e-01 1.064800000000000000e+04 4.200000000000000000e+01 6.866962313652038574e-01 2.000000000000000000e+00 1.462859630584716797e+00 9.776233434677124023e-01 2.237663418054580688e-02
1.409999999999999920e+00 0.000000000000000000e+00 4.000000000000000000e+00 5.000000000000000000e-01 1.064800000000000000e+04 4.200000000000000000e+01 0.000000000000000000e+00 0.000000000000000000e+00 0.000000000000000000e+00 nan 0.000000000000000000e+00
2.830000000000000071e+00 4.000000000000000000e+00 2.000000000000000000e+00 5.000000000000000000e-01 1.064800000000000000e+04 4.200000000000000000e+01 0.000000000000000000e+00 0.000000000000000000e+00 0.000000000000000000e+00 nan 0.000000000000000000e+00
2.830000000000000071e+00 1.000000000000000000e+00 2.000000000000000000e+00 5.000000000000000000e-01 1.064800000000000000e+04 4.200000000000000000e+01 6.043351292610168457e-01 1.000000000000000000e+00 1.316767454147338867e+00 1.000000000000000000e+00 0.000000000000000000e+00
5.660000000000000142e+00 1.000000000000000000e+00 2.000000000000000000e+00 5.000000000000000000e-01 1.038230000000000000e+05 4.200000000000000000e+01 7.225862741470336914e-01 1.200000000000000000e+01 1.998852348327636719e+01 5.642048716545104980e-01 2.291156798601150513e-01
4.000000000000000000e+00 2.000000000000000000e+00 1.000000000000000000e+00 5.000000000000000000e-01 2.438900000000000000e+04 4.200000000000000000e+01 5.059219002723693848e-01 2.000000000000000000e+00 4.410622596740722656e+00 8.920589685440063477e-01 1.079410687088966370e-01
1.000000000000000000e+00 2.500000000000000000e-01 2.000000000000000000e+00 5.000000000000000000e-01 1.064800000000000000e+04 4.200000000000000000e+01 0.000000000000000000e+00 0.000000000000000000e+00 0.000000000000000000e+00 nan 0.000000000000000000e+00
1.409999999999999920e+00 2.000000000000000000e+00 1.000000000000000000e+00 5.000000000000000000e-01 1.064800000000000000e+04 4.200000000000000000e+01 0.000000000000000000e+00 0.000000000000000000e+00 0.000000000000000000e+00 nan 0.000000000000000000e+00
4.000000000000000000e+00 5.000000000000000000e-01 4.000000000000000000e+00 5.000000000000000000e-01 2.438900000000000000e+04 4.200000000000000000e+01 7.608715295791625977e-01 1.400000000000000000e+01 5.553893089294433594e+00 6.710247993469238281e-01 1.661478430032730103e-01
5.660000000000000142e+00 4.000000000000000000e+00 4.000000000000000000e+00 5.000000000000000000e-01 1.038230000000000000e+05 4.200000000000000000e+01 4.074547588825225830e-01 3.000000000000000000e+00 1.355404281616210938e+01 7.029033303260803223e-01 2.511241137981414795e-01
1.409999999999999920e+00 4.000000000000000000e+00 4.000000000000000000e+00 5.000000000000000000e-01 1.064800000000000000e+04 4.200000000000000000e+01 0.000000000000000000e+00 0.000000000000000000e+00 0.000000000000000000e+00 nan 0.000000000000000000e+00
1.000000000000000000e+00 5.000000000000000000e-01 2.000000000000000000e+00 5.000000000000000000e-01 1.064800000000000000e+04 4.200000000000000000e+01 0.000000000000000000e+00 0.000000000000000000e+00 0.000000000000000000e+00 nan 0.000000000000000000e+00
8.000000000000000000e+00 8.000000000000000000e+00 5.000000000000000000e-01 5.000000000000000000e-01 4.052240000000000000e+05 4.200000000000000000e+01 3.460752777755260468e-03 1.000000000000000000e+00 4.826953411102294922e-01 1.000000000000000000e+00 0.000000000000000000e+00
2.000000000000000000e+00 2.500000000000000000e-01 4.000000000000000000e+00 5.000000000000000000e-01 1.064800000000000000e+04 4.200000000000000000e+01 3.286717832088470459e-01 1.000000000000000000e+00 1.791344583034515381e-01 1.000000000000000000e+00 0.000000000000000000e+00
2.830000000000000071e+00 8.000000000000000000e+00 5.000000000000000000e-01 5.000000000000000000e-01 1.064800000000000000e+04 4.200000000000000000e+01 0.000000000000000000e+00 0.000000000000000000e+00 0.000000000000000000e+00 nan nan
5.660000000000000142e+00 2.500000000000000000e-01 1.000000000000000000e+00 5.000000000000000000e-01 1.038230000000000000e+05 4.200000000000000000e+01 7.421000599861145020e-01 2.700000000000000000e+01 2.239043998718261719e+01 6.481103301048278809e-01 2.170901298522949219e-01
5.660000000000000142e+00 4.000000000000000000e+00 5.000000000000000000e-01 5.000000000000000000e-01 1.038230000000000000e+05 4.200000000000000000e+01 3.965094685554504395e-02 1.000000000000000000e+00 1.382554173469543457e+00 1.000000000000000000e+00 0.000000000000000000e+00
8.000000000000000000e+00 4.000000000000000000e+00 5.000000000000000000e-01 5.000000000000000000e-01 4.052240000000000000e+05 4.200000000000000000e+01 1.105495765805244446e-01 2.000000000000000000e+00 1.497456932067871094e+01 9.711076617240905762e-01 2.889234200119972229e-02
2.000000000000000000e+00 5.000000000000000000e-01 5.000000000000000000e-01 5.000000000000000000e-01 1.064800000000000000e+04 4.200000000000000000e+01 0.000000000000000000e+00 0.000000000000000000e+00 0.000000000000000000e+00 nan 0.000000000000000000e+00
8.000000000000000000e+00 2.000000000000000000e+00 1.000000000000000000e+00 5.000000000000000000e-01 4.052240000000000000e+05 4.200000000000000000e+01 5.906289815902709961e-01 2.100000000000000000e+01 7.295114898681640625e+01 5.706363320350646973e-01 1.867157369852066040e-01
2.000000000000000000e+00 2.500000000000000000e-01 2.000000000000000000e+00 5.000000000000000000e-01 1.064800000000000000e+04 4.200000000000000000e+01 0.000000000000000000e+00 0.000000000000000000e+00 0.000000000000000000e+00 nan 0.000000000000000000e+00
5.660000000000000142e+00 5.000000000000000000e-01 5.000000000000000000e-01 5.000000000000000000e-01 1.038230000000000000e+05 4.200000000000000000e+01 5.160296559333801270e-01 3.400000000000000000e+01 1.246942138671875000e+01 3.224024176597595215e-01 2.609946429729461670e-01
8.000000000000000000e+00 4.000000000000000000e+00 4.000000000000000000e+00 5.000000000000000000e-01 4.052240000000000000e+05 4.200000000000000000e+01 4.558558762073516846e-01 1.600000000000000000e+01 5.518311691284179688e+01 3.022623360157012939e-01 1.610180586576461792e-01
8.000000000000000000e+00 8.000000000000000000e+00 4.000000000000000000e+00 5.000000000000000000e-01 4.052240000000000000e+05 4.200000000000000000e+01 1.163097843527793884e-02 1.000000000000000000e+00 1.622385025024414062e+00 1.000000000000000000e+00 0.000000000000000000e+00
1.409999999999999920e+00 5.000000000000000000e-01 4.000000000000000000e+00 5.000000000000000000e-01 1.064800000000000000e+04 4.200000000000000000e+01 0.000000000000000000e+00 0.000000000000000000e+00 0.000000000000000000e+00 nan 0.000000000000000000e+00
1.000000000000000000e+00 4.000000000000000000e+00 5.000000000000000000e-01 5.000000000000000000e-01 1.064800000000000000e+04 4.200000000000000000e+01 0.000000000000000000e+00 0.000000000000000000e+00 0.000000000000000000e+00 nan 0.000000000000000000e+00
1.409999999999999920e+00 2.500000000000000000e-01 5.000000000000000000e-01 5.000000000000000000e-01 1.064800000000000000e+04 4.200000000000000000e+01 0.000000000000000000e+00 0.000000000000000000e+00 0.000000000000000000e+00 nan 0.000000000000000000e+00
2.830000000000000071e+00 2.000000000000000000e+00 5.000000000000000000e-01 5.000000000000000000e-01 1.064800000000000000e+04 4.200000000000000000e+01 0.000000000000000000e+00 0.000000000000000000e+00 0.000000000000000000e+00 nan 0.000000000000000000e+00
4.000000000000000000e+00 1.000000000000000000e+00 1.000000000000000000e+00 5.000000000000000000e-01 2.438900000000000000e+04 4.200000000000000000e+01 6.684347391128540039e-01 2.000000000000000000e+00 5.829247474670410156e+00 8.034010529518127441e-01 1.965989619493484497e-01
5.660000000000000142e+00 8.000000000000000000e+00 2.000000000000000000e+00 5.000000000000000000e-01 1.038230000000000000e+05 4.200000000000000000e+01 6.135646253824234009e-03 1.000000000000000000e+00 2.139503359794616699e-01 1.000000000000000000e+00 0.000000000000000000e+00
1.409999999999999920e+00 1.000000000000000000e+00 2.000000000000000000e+00 5.000000000000000000e-01 1.064800000000000000e+04 4.200000000000000000e+01 0.000000000000000000e+00 0.000000000000000000e+00 0.000000000000000000e+00 nan 0.000000000000000000e+00
5.660000000000000142e+00 5.000000000000000000e-01 1.000000000000000000e+00 5.000000000000000000e-01 1.038230000000000000e+05 4.200000000000000000e+01 7.257485389709472656e-01 1.200000000000000000e+01 2.322696685791015625e+01 6.601852178573608398e-01 2.576629817485809326e-01
2.000000000000000000e+00 5.000000000000000000e-01 2.000000000000000000e+00 5.000000000000000000e-01 1.064800000000000000e+04 4.200000000000000000e+01 0.000000000000000000e+00 0.000000000000000000e+00 0.000000000000000000e+00 nan 0.000000000000000000e+00
1.000000000000000000e+00 4.000000000000000000e+00 1.000000000000000000e+00 5.000000000000000000e-01 1.064800000000000000e+04 4.200000000000000000e+01 0.000000000000000000e+00 0.000000000000000000e+00 0.000000000000000000e+00 nan 0.000000000000000000e+00
4.000000000000000000e+00 8.000000000000000000e+00 4.000000000000000000e+00 5.000000000000000000e-01 2.438900000000000000e+04 4.200000000000000000e+01 0.000000000000000000e+00 0.000000000000000000e+00 0.000000000000000000e+00 nan 0.000000000000000000e+00
1.409999999999999920e+00 2.000000000000000000e+00 5.000000000000000000e-01 5.000000000000000000e-01 1.064800000000000000e+04 4.200000000000000000e+01 0.000000000000000000e+00 0.000000000000000000e+00 0.000000000000000000e+00 nan 0.000000000000000000e+00
5.660000000000000142e+00 5.000000000000000000e-01 2.000000000000000000e+00 5.000000000000000000e-01 1.038230000000000000e+05 4.200000000000000000e+01 7.590282559394836426e-01 1.500000000000000000e+01 2.184771537780761719e+01 6.585913896560668945e-01 1.667308062314987183e-01
1.409999999999999920e+00 2.500000000000000000e-01 1.000000000000000000e+00 5.000000000000000000e-01 1.064800000000000000e+04 4.200000000000000000e+01 0.000000000000000000e+00 0.000000000000000000e+00 0.000000000000000000e+00 nan 0.000000000000000000e+00
4.000000000000000000e+00 2.500000000000000000e-01 2.000000000000000000e+00 5.000000000000000000e-01 2.438900000000000000e+04 4.200000000000000000e+01 7.762121558189392090e-01 5.000000000000000000e+00 6.360405921936035156e+00 9.400920271873474121e-01 4.122746363282203674e-02
1.409999999999999920e+00 5.000000000000000000e-01 1.000000000000000000e+00 5.000000000000000000e-01 1.064800000000000000e+04 4.200000000000000000e+01 0.000000000000000000e+00 0.000000000000000000e+00 0.000000000000000000e+00 nan 0.000000000000000000e+00
1.000000000000000000e+00 8.000000000000000000e+00 2.000000000000000000e+00 5.000000000000000000e-01 1.064800000000000000e+04 4.200000000000000000e+01 0.000000000000000000e+00 0.000000000000000000e+00 0.000000000000000000e+00 nan 0.000000000000000000e+00
2.830000000000000071e+00 8.000000000000000000e+00 1.000000000000000000e+00 5.000000000000000000e-01 1.064800000000000000e+04 4.200000000000000000e+01 0.000000000000000000e+00 0.000000000000000000e+00 0.000000000000000000e+00 nan 0.000000000000000000e+00
5.660000000000000142e+00 5.000000000000000000e-01 4.000000000000000000e+00 5.000000000000000000e-01 1.038230000000000000e+05 4.200000000000000000e+01 7.825554609298706055e-01 1.300000000000000000e+01 2.223706626892089844e+01 4.986429214477539062e-01 2.028795331716537476e-01
2.000000000000000000e+00 2.000000000000000000e+00 1.000000000000000000e+00 5.000000000000000000e-01 1.064800000000000000e+04 4.200000000000000000e+01 0.000000000000000000e+00 0.000000000000000000e+00 0.000000000000000000e+00 nan 0.000000000000000000e+00
4.000000000000000000e+00 2.500000000000000000e-01 1.000000000000000000e+00 5.000000000000000000e-01 2.438900000000000000e+04 4.200000000000000000e+01 7.030893564224243164e-01 2.000000000000000000e+00 6.128557682037353516e+00 8.280990123748779297e-01 1.719009727239608765e-01
8.000000000000000000e+00 5.000000000000000000e-01 1.000000000000000000e+00 5.000000000000000000e-01 4.052240000000000000e+05 4.200000000000000000e+01 7.245287299156188965e-01 9.500000000000000000e+01 8.078964996337890625e+01 4.186115562915802002e-01 2.406257838010787964e-01
2.000000000000000000e+00 1.000000000000000000e+00 4.000000000000000000e+00 5.000000000000000000e-01 1.064800000000000000e+04 4.200000000000000000e+01 0.000000000000000000e+00 0.000000000000000000e+00 0.000000000000000000e+00 nan 0.000000000000000000e+00
2.000000000000000000e+00 4.000000000000000000e+00 4.000000000000000000e+00 5.000000000000000000e-01 1.064800000000000000e+04 4.200000000000000000e+01 0.000000000000000000e+00 0.000000000000000000e+00 0.000000000000000000e+00 nan 0.000000000000000000e+00
4.000000000000000000e+00 4.000000000000000000e+00 2.000000000000000000e+00 5.000000000000000000e-01 2.438900000000000000e+04 4.200000000000000000e+01 1.394011378288269043e-01 1.000000000000000000e+00 1.215413212776184082e+00 1.000000000000000000e+00 0.000000000000000000e+00
2.000000000000000000e+00 2.500000000000000000e-01 5.000000000000000000e-01 5.000000000000000000e-01 1.064800000000000000e+04 4.200000000000000000e+01 0.000000000000000000e+00 0.000000000000000000e+00 0.000000000000000000e+00 nan 0.000000000000000000e+00
1.000000000000000000e+00 0.000000000000000000e+00 4.000000000000000000e+00 5.000000000000000000e-01 1.064800000000000000e+04 4.200000000000000000e+01 0.000000000000000000e+00 0.000000000000000000e+00 0.000000000000000000e+00 nan 0.000000000000000000e+00
4.000000000000000000e+00 2.000000000000000000e+00 4.000000000000000000e+00 5.000000000000000000e-01 2.438900000000000000e+04 4.200000000000000000e+01 5.892308950424194336e-01 3.000000000000000000e+00 5.118007659912109375e+00 7.587629556655883789e-01 2.374316602945327759e-01
1.409999999999999920e+00 5.000000000000000000e-01 2.000000000000000000e+00 5.000000000000000000e-01 1.064800000000000000e+04 4.200000000000000000e+01 0.000000000000000000e+00 0.000000000000000000e+00 0.000000000000000000e+00 nan 0.000000000000000000e+00
8.000000000000000000e+00 1.000000000000000000e+00 2.000000000000000000e+00 5.000000000000000000e-01 4.052240000000000000e+05 4.200000000000000000e+01 7.150422334671020508e-01 3.300000000000000000e+01 7.717921447753906250e+01 3.469420671463012695e-01 3.057460188865661621e-01
2.000000000000000000e+00 1.000000000000000000e+00 2.000000000000000000e+00 5.000000000000000000e-01 1.064800000000000000e+04 4.200000000000000000e+01 0.000000000000000000e+00 0.000000000000000000e+00 0.000000000000000000e+00 nan 0.000000000000000000e+00
1.000000000000000000e+00 2.000000000000000000e+00 2.000000000000000000e+00 5.000000000000000000e-01 1.064800000000000000e+04 4.200000000000000000e+01 0.000000000000000000e+00 0.000000000000000000e+00 0.000000000000000000e+00 nan 0.000000000000000000e+00
5.660000000000000142e+00 1.000000000000000000e+00 1.000000000000000000e+00 5.000000000000000000e-01 1.038230000000000000e+05 4.200000000000000000e+01 7.023077011108398438e-01 1.100000000000000000e+01 2.332251358032226562e+01 5.121690630912780762e-01 2.523185908794403076e-01
5.660000000000000142e+00 2.500000000000000000e-01 5.000000000000000000e-01 5.000000000000000000e-01 1.038230000000000000e+05 4.200000000000000000e+01 4.415677189826965332e-01 1.700000000000000000e+01 1.259525871276855469e+01 2.494769692420959473e-01 1.924899220466613770e-01
2.830000000000000071e+00 1.000000000000000000e+00 1.000000000000000000e+00 5.000000000000000000e-01 1.064800000000000000e+04 4.200000000000000000e+01 1.922205537557601929e-01 1.000000000000000000e+00 4.188913702964782715e-01 1.000000000000000000e+00 0.000000000000000000e+00
1.409999999999999920e+00 4.000000000000000000e+00 1.000000000000000000e+00 5.000000000000000000e-01 1.064800000000000000e+04 4.200000000000000000e+01 0.000000000000000000e+00 0.000000000000000000e+00 0.000000000000000000e+00 nan 0.000000000000000000e+00
8.000000000000000000e+00 2.000000000000000000e+00 4.000000000000000000e+00 5.000000000000000000e-01 4.052240000000000000e+05 4.200000000000000000e+01 6.538307070732116699e-01 2.300000000000000000e+01 5.370006561279296875e+01 2.377292811870574951e-01 2.260292768478393555e-01
8.000000000000000000e+00 8.000000000000000000e+00 1.000000000000000000e+00 5.000000000000000000e-01 4.052240000000000000e+05 4.200000000000000000e+01 1.221363060176372528e-02 1.000000000000000000e+00 1.703614354133605957e+00 1.000000000000000000e+00 0.000000000000000000e+00
2.830000000000000071e+00 1.000000000000000000e+00 4.000000000000000000e+00 5.000000000000000000e-01 1.064800000000000000e+04 4.200000000000000000e+01 5.837373733520507812e-01 2.000000000000000000e+00 1.272710800170898438e+00 8.492107391357421875e-01 1.507892459630966187e-01
1.000000000000000000e+00 2.500000000000000000e-01 1.000000000000000000e+00 5.000000000000000000e-01 1.064800000000000000e+04 4.200000000000000000e+01 0.000000000000000000e+00 0.000000000000000000e+00 0.000000000000000000e+00 nan 0.000000000000000000e+00
1.000000000000000000e+00 1.000000000000000000e+00 5.000000000000000000e-01 5.000000000000000000e-01 1.064800000000000000e+04 4.200000000000000000e+01 0.000000000000000000e+00 0.000000000000000000e+00 0.000000000000000000e+00 nan 0.000000000000000000e+00
1.409999999999999920e+00 1.000000000000000000e+00 4.000000000000000000e+00 5.000000000000000000e-01 1.064800000000000000e+04 4.200000000000000000e+01 0.000000000000000000e+00 0.000000000000000000e+00 0.000000000000000000e+00 nan 0.000000000000000000e+00
5.660000000000000142e+00 2.000000000000000000e+00 2.000000000000000000e+00 5.000000000000000000e-01 1.038230000000000000e+05 4.200000000000000000e+01 6.333392858505249023e-01 1.800000000000000000e+01 1.768793869018554688e+01 5.213694572448730469e-01 1.755934655666351318e-01
4.000000000000000000e+00 4.000000000000000000e+00 5.000000000000000000e-01 5.000000000000000000e-01 2.438900000000000000e+04 4.200000000000000000e+01 0.000000000000000000e+00 0.000000000000000000e+00 0.000000000000000000e+00 nan 0.000000000000000000e+00
8.000000000000000000e+00 2.500000000000000000e-01 1.000000000000000000e+00 5.000000000000000000e-01 4.052240000000000000e+05 4.200000000000000000e+01 7.260357737541198730e-01 1.130000000000000000e+02 7.430423736572265625e+01 3.598700463771820068e-01 2.095328867435455322e-01
1.409999999999999920e+00 2.500000000000000000e-01 2.000000000000000000e+00 5.000000000000000000e-01 1.064800000000000000e+04 4.200000000000000000e+01 0.000000000000000000e+00 0.000000000000000000e+00 0.000000000000000000e+00 nan 0.000000000000000000e+00
8.000000000000000000e+00 0.000000000000000000e+00 4.000000000000000000e+00 5.000000000000000000e-01 4.052240000000000000e+05 4.200000000000000000e+01 8.037809133529663086e-01 7.380000000000000000e+02 5.771251678466796875e+01 5.147389769554138184e-01 3.043088316917419434e-02
1.409999999999999920e+00 4.000000000000000000e+00 5.000000000000000000e-01 5.000000000000000000e-01 1.064800000000000000e+04 4.200000000000000000e+01 0.000000000000000000e+00 0.000000000000000000e+00 0.000000000000000000e+00 nan 0.000000000000000000e+00
5.660000000000000142e+00 1.000000000000000000e+00 5.000000000000000000e-01 5.000000000000000000e-01 1.038230000000000000e+05 4.200000000000000000e+01 5.437396168708801270e-01 1.500000000000000000e+01 1.266079330444335938e+01 4.839464426040649414e-01 1.837561726570129395e-01
5.660000000000000142e+00 2.000000000000000000e+00 4.000000000000000000e+00 5.000000000000000000e-01 1.038230000000000000e+05 4.200000000000000000e+01 6.369005441665649414e-01 5.000000000000000000e+00 2.134712219238281250e+01 4.694986045360565186e-01 1.988667547702789307e-01
2.830000000000000071e+00 0.000000000000000000e+00 4.000000000000000000e+00 5.000000000000000000e-01 1.064800000000000000e+04 4.200000000000000000e+01 7.692617774009704590e-01 1.000000000000000000e+00 1.676799058914184570e+00 1.000000000000000000e+00 0.000000000000000000e+00
2.000000000000000000e+00 1.000000000000000000e+00 5.000000000000000000e-01 5.000000000000000000e-01 1.064800000000000000e+04 4.200000000000000000e+01 0.000000000000000000e+00 0.000000000000000000e+00 0.000000000000000000e+00 nan 0.000000000000000000e+00
2.000000000000000000e+00 8.000000000000000000e+00 2.000000000000000000e+00 5.000000000000000000e-01 1.064800000000000000e+04 4.200000000000000000e+01 0.000000000000000000e+00 0.000000000000000000e+00 0.000000000000000000e+00 nan 0.000000000000000000e+00
2.830000000000000071e+00 4.000000000000000000e+00 4.000000000000000000e+00 5.000000000000000000e-01 1.064800000000000000e+04 4.200000000000000000e+01 0.000000000000000000e+00 0.000000000000000000e+00 0.000000000000000000e+00 nan 0.000000000000000000e+00
4.000000000000000000e+00 5.000000000000000000e-01 5.000000000000000000e-01 5.000000000000000000e-01 2.438900000000000000e+04 4.200000000000000000e+01 2.891610562801361084e-01 1.000000000000000000e+00 2.521142721176147461e+00 1.000000000000000000e+00 0.000000000000000000e+00
4.000000000000000000e+00 8.000000000000000000e+00 5.000000000000000000e-01 5.000000000000000000e-01 2.438900000000000000e+04 4.200000000000000000e+01 0.000000000000000000e+00 0.000000000000000000e+00 0.000000000000000000e+00 nan 0.000000000000000000e+00
1.409999999999999920e+00 1.000000000000000000e+00 5.000000000000000000e-01 5.000000000000000000e-01 1.064800000000000000e+04 4.200000000000000000e+01 0.000000000000000000e+00 0.000000000000000000e+00 0.000000000000000000e+00 nan 0.000000000000000000e+00
2.000000000000000000e+00 5.000000000000000000e-01 4.000000000000000000e+00 5.000000000000000000e-01 1.064800000000000000e+04 4.200000000000000000e+01 0.000000000000000000e+00 0.000000000000000000e+00 0.000000000000000000e+00 nan 0.000000000000000000e+00
8.000000000000000000e+00 5.000000000000000000e-01 2.000000000000000000e+00 5.000000000000000000e-01 4.052240000000000000e+05 4.200000000000000000e+01 7.615539431571960449e-01 6.200000000000000000e+01 7.177098846435546875e+01 4.825381636619567871e-01 1.931479871273040771e-01
2.830000000000000071e+00 2.500000000000000000e-01 5.000000000000000000e-01 5.000000000000000000e-01 1.064800000000000000e+04 4.200000000000000000e+01 0.000000000000000000e+00 0.000000000000000000e+00 0.000000000000000000e+00 nan 0.000000000000000000e+00
1.409999999999999920e+00 2.000000000000000000e+00 2.000000000000000000e+00 5.000000000000000000e-01 1.064800000000000000e+04 4.200000000000000000e+01 0.000000000000000000e+00 0.000000000000000000e+00 0.000000000000000000e+00 nan 0.000000000000000000e+00
1.000000000000000000e+00 8.000000000000000000e+00 5.000000000000000000e-01 5.000000000000000000e-01 1.064800000000000000e+04 4.200000000000000000e+01 0.000000000000000000e+00 0.000000000000000000e+00 0.000000000000000000e+00 nan 0.000000000000000000e+00
4.000000000000000000e+00 2.000000000000000000e+00 2.000000000000000000e+00 5.000000000000000000e-01 2.438900000000000000e+04 4.200000000000000000e+01 5.862492322921752930e-01 3.000000000000000000e+00 4.952244758605957031e+00 7.984161972999572754e-01 1.704465746879577637e-01
